okay\Arun\IMG-20190226-WA0154.png 483 107 640 317
okay\Arun\IMG-20190226-WA0155.png 458 106 614 306
okay\Arun\IMG-20190226-WA0156.png 451 134 610 329
okay\Arun\IMG-20190226-WA0157.png 503 133 659 337
okay\Arun\IMG-20190226-WA0158.png 474 140 630 336
okay\Arun\IMG-20190226-WA0159.png 463 138 619 332
okay\Arun\IMG-20190226-WA0160.png 463 138 619 330
okay\Arun\IMG-20190226-WA0161.png 466 138 622 334
okay\Arun\IMG-20190226-WA0162.png 469 147 624 338
okay\Arun\IMG-20190226-WA0163.png 432 159 623 397
okay\Arun\IMG-20190226-WA0164.png 485 120 642 316
okay\Arun\IMG-20190226-WA0165.png 471 146 627 338
okay\Arun\IMG-20190226-WA0166.png 436 156 621 391
okay\Arun\IMG-20190226-WA0167.png 446 159 637 399
okay\Arun\IMG-20190226-WA0168.png 430 155 633 408
okay\Arun\IMG-20190226-WA0169.png 439 166 624 390
okay\Arun\IMG-20190226-WA0170.png 433 164 624 394
okay\Arun\IMG-20190226-WA0171.png 441 164 623 384
okay\Arun\IMG-20190226-WA0172.png 445 168 625 386
okay\Arun\IMG-20190226-WA0173.png 443 173 625 389
okay\Arun\IMG-20190226-WA0174.png 443 172 624 389
okay\Arun\IMG-20190226-WA0175.png 440 170 619 397
okay\Arun\IMG-20190226-WA0176.png 441 171 623 406
okay\Arun\IMG-20190226-WA0177.png 420 169 610 401
okay\Arun\IMG-20190226-WA0178.png 428 162 618 398
okay\Arun\IMG-20190226-WA0179.png 437 167 619 408
okay\Arun\IMG-20190226-WA0180.png 413 169 603 408
okay\Arun\IMG-20190226-WA0181.png 435 165 626 399
okay\Arun\IMG-20190226-WA0182.png 424 164 612 406
okay\Arun\IMG-20190226-WA0183.png 415 169 610 408
okay\Arun\IMG-20190226-WA0184.png 428 161 615 400
okay\Arun\IMG-20190226-WA0185.png 437 162 625 395
okay\Arun\IMG-20190226-WA0186.png 437 160 628 399
okay\Arun\IMG-20190226-WA0187.png 448 180 630 400
okay\Arun\IMG-20190226-WA0188.png 447 172 632 401
okay\Arun\IMG-20190226-WA0189.png 447 172 629 403
okay\Arun\IMG-20190226-WA0190.png 446 184 628 404
okay\Arun\IMG-20190226-WA0191.png 454 145 627 346
okay\Arun\IMG-20190226-WA0192.png 458 144 631 347
okay\Arun\IMG-20190226-WA0193.png 454 147 627 348
okay\Arun\IMG-20190226-WA0194.png 457 144 630 347
okay\Arun\IMG-20190226-WA0195.png 455 146 629 351
okay\Arun\IMG-20190226-WA0196.png 457 144 632 351
okay\Arun\IMG-20190226-WA0197.png 467 129 652 374
okay\Arun\IMG-20190226-WA0198.png 459 132 650 374
okay\Arun\IMG-20190226-WA0199.png 449 124 633 364
okay\Arun\IMG-20190226-WA0200.png 449 124 632 363
okay\Arun\IMG-20190226-WA0201.png 461 130 641 368
okay\Arun\IMG-20190226-WA0202.png 437 122 632 374
okay\Arun\IMG-20190226-WA0203.png 442 123 632 369
okay\Arun\IMG-20190226-WA0204.png 441 120 634 364
okay\Arun\IMG-20190226-WA0205.png 449 132 633 369
okay\Arun\IMG-20190226-WA0206.png 450 129 635 370
okay\Arun\IMG-20190226-WA0207.png 453 128 635 366
okay\Arun\IMG-20190226-WA0208.png 448 137 634 376
okay\Arun\IMG-20190226-WA0209.png 443 134 628 373
okay\Arun\IMG-20190226-WA0210.png 444 141 628 370
okay\Arun\IMG-20190226-WA0211.png 443 136 628 372
okay\Arun\IMG-20190226-WA0212.png 440 145 624 371
okay\Arun\IMG-20190226-WA0213.png 442 134 630 377
okay\Arun\IMG-20190226-WA0214.png 444 135 632 380
okay\Arun\IMG-20190226-WA0215.png 438 135 627 381
okay\Arun\IMG-20190226-WA0216.png 443 137 627 380
okay\Arun\IMG-20190226-WA0217.png 437 136 625 386
okay\Arun\IMG-20190226-WA0218.png 439 151 620 384
okay\Arun\IMG-20190226-WA0219.png 435 159 617 386
okay\Arun\IMG-20190226-WA0220.png 437 141 617 383
okay\Arun\IMG-20190226-WA0221.png 431 135 617 388
okay\Arun\IMG-20190226-WA0222.png 430 141 614 390
okay\Arun\IMG-20190226-WA0223.png 400 144 590 395
okay\Arun\IMG-20190226-WA0224.png 405 144 593 391
okay\Arun\IMG-20190226-WA0225.png 416 151 598 384
okay\Arun\IMG-20190226-WA0226.png 393 146 576 388
okay\Arun\IMG-20190226-WA0227.png 387 150 569 388
okay\Arun\IMG-20190226-WA0228.png 393 151 571 390
okay\Arun\IMG-20190226-WA0229.png 404 143 594 393
okay\Arun\IMG-20190226-WA0230.png 391 146 575 391
okay\Arun\IMG-20190226-WA0231.png 390 148 571 390
okay\Arun\IMG-20190226-WA0232.png 417 145 603 392
okay\Arun\IMG-20190226-WA0233.png 417 150 604 399
okay\Arun\IMG-20190226-WA0234.png 426 154 605 392
okay\Arun\IMG-20190226-WA0235.png 435 159 626 398
okay\Arun\IMG-20190226-WA0236.png 429 152 617 403
okay\Arun\IMG-20190226-WA0237.png 428 145 615 396
okay\Arun\IMG-20190226-WA0238.png 447 150 632 392
okay\Arun\IMG-20190226-WA0239.png 453 153 644 394
okay\Arun\IMG-20190226-WA0240.png 454 152 652 401
okay\Arun\IMG-20190226-WA0241.png 461 159 655 404
okay\Arun\IMG-20190226-WA0242.png 464 159 658 408
okay\Arun\IMG-20190226-WA0243.png 465 159 657 406
okay\Arun\IMG-20190226-WA0244.png 463 168 657 416
okay\Arun\IMG-20190226-WA0245.png 464 170 657 414
okay\Arun\IMG-20190226-WA0246.png 475 186 663 420
okay\Arun\IMG-20190226-WA0247.png 470 173 664 411
okay\Arun\IMG-20190226-WA0248.png 468 173 660 416
okay\Arun\IMG-20190226-WA0249.png 467 121 660 372
okay\Arun\IMG-20190226-WA0250.png 465 114 658 374
okay\Arun\IMG-20190226-WA0251.png 468 117 651 366
okay\Arun\IMG-20190226-WA0252.png 460 105 654 362
okay\Arun\IMG-20190226-WA0253.png 465 128 657 382
okay\Arun\IMG-20190226-WA0254.png 465 128 659 382
okay\Arun\IMG-20190226-WA0255.png 466 130 658 386
okay\Arun\IMG-20190226-WA0256.png 456 134 654 384
okay\Arun\IMG-20190226-WA0257.png 456 137 654 384
okay\Arun\IMG-20190226-WA0258.png 457 122 658 386
okay\Arun\IMG-20190226-WA0259.png 457 129 655 383
okay\Arun\IMG-20190226-WA0260.png 456 125 654 383
okay\Arun\IMG-20190226-WA0261.png 459 126 653 380
okay\Arun\IMG-20190226-WA0262.png 463 124 651 377
okay\Arun\IMG-20190226-WA0263.png 462 127 656 374
okay\Arun\IMG-20190226-WA0264.png 468 131 666 389
okay\Arun\IMG-20190226-WA0265.png 466 134 653 374
okay\Arun\IMG-20190226-WA0266.png 464 126 658 381
okay\Arun\IMG-20190226-WA0267.png 464 131 659 383
okay\Arun\IMG-20190226-WA0268.png 461 126 654 381
okay\Arun\IMG-20190226-WA0269.png 459 131 661 392
okay\Arun\IMG-20190226-WA0270.png 468 134 666 391
okay\Arun\IMG-20190226-WA0271.png 471 144 669 393
okay\Arun\IMG-20190226-WA0272.png 470 139 661 382
okay\Arun\IMG-20190226-WA0273.png 468 132 671 392
okay\Arun\IMG-20190226-WA0274.png 473 127 673 385
okay\Arun\IMG-20190226-WA0275.png 465 124 659 373
okay\Arun\IMG-20190226-WA0276.png 469 124 662 377
okay\Arun\IMG-20190226-WA0277.png 467 140 662 385
okay\Arun\IMG-20190226-WA0278.png 458 124 660 390
okay\Arun\IMG-20190226-WA0279.png 460 133 655 385
okay\Arun\IMG-20190226-WA0280.png 466 139 660 383
okay\Arun\IMG-20190226-WA0281.png 461 137 657 386
okay\Arun\IMG-20190226-WA0282.png 457 125 658 389
okay\Arun\IMG-20190226-WA0283.png 454 136 649 387
okay\Arun\IMG-20190226-WA0284.png 459 137 652 379
okay\Arun\IMG-20190226-WA0285.png 454 135 649 374
okay\Arun\IMG-20190226-WA0286.png 456 143 646 378
okay\Arun\IMG-20190226-WA0287.png 467 128 666 387
okay\Arun\IMG-20190226-WA0288.png 455 125 656 390
okay\Arun\IMG-20190226-WA0289.png 447 138 643 378
okay\Arun\IMG-20190226-WA0290.png 447 142 637 381
okay\Arun\IMG-20190226-WA0291.png 442 134 642 374
okay\Arun\IMG-20190226-WA0292.png 447 136 643 378
okay\Arun\IMG-20190226-WA0293.png 445 150 639 384
okay\Arun\IMG-20190226-WA0294.png 450 155 641 388
okay\Arun\IMG-20190226-WA0295.png 441 139 640 386
okay\Arun\IMG-20190226-WA0296.png 441 141 639 387
okay\Arun\IMG-20190226-WA0297.png 432 148 632 389
okay\Arun\IMG-20190226-WA0298.png 437 146 632 383
okay\Arun\IMG-20190226-WA0299.png 435 139 631 386
okay\Arun\IMG-20190226-WA0300.png 432 141 625 388
okay\Arun\IMG-20190226-WA0301.png 433 142 626 389
okay\Arun\IMG-20190226-WA0302.png 441 143 633 389
okay\Arun\IMG-20190226-WA0303.png 433 141 626 388
okay\Arun\IMG-20190226-WA0304.png 441 144 631 389
okay\Arun\IMG-20190226-WA0305.png 433 143 626 388
okay\Arun\IMG-20190226-WA0306.png 429 140 621 383
okay\Arun\IMG-20190226-WA0307.png 442 153 627 391
okay\Arun\IMG-20190226-WA0308.png 437 140 629 384
okay\Arun\IMG-20190226-WA0309.png 437 145 626 390
okay\Arun\IMG-20190226-WA0310.png 447 146 634 391
okay\Arun\IMG-20190226-WA0311.png 446 147 633 387
okay\Arun\IMG-20190226-WA0312.png 438 149 630 391
okay\Arun\IMG-20190226-WA0313.png 437 152 628 397
okay\Arun\IMG-20190226-WA0314.png 439 156 624 397
okay\Arun\IMG-20190226-WA0315.png 440 158 628 398
okay\Arun\IMG-20190226-WA0316.png 442 158 625 393
okay\Arun\IMG-20190226-WA0317.png 441 148 630 391
okay\Arun\IMG-20190226-WA0318.png 439 157 628 398
okay\Arun\IMG-20190226-WA0319.png 448 151 635 399
okay\Arun\IMG-20190226-WA0320.png 465 196 623 389
okay\Arun\IMG-20190226-WA0321.png 468 195 626 385
okay\Arun\IMG-20190226-WA0322.png 480 192 641 392
okay\Arun\IMG-20190226-WA0323.png 479 197 636 396
okay\Arun\IMG-20190226-WA0324.png 478 194 637 393
okay\Justin\IMG-20190226-WA0330.png 512 179 712 416
okay\Justin\IMG-20190226-WA0331.png 506 178 699 411
okay\Justin\IMG-20190226-WA0332.png 502 191 707 432
okay\Justin\IMG-20190226-WA0333.png 537 184 721 415
okay\Justin\IMG-20190226-WA0334.png 507 174 702 410
okay\Justin\IMG-20190226-WA0335.png 524 179 719 411
okay\Justin\IMG-20190226-WA0336.png 503 189 705 426
okay\Justin\IMG-20190226-WA0337.png 456 158 662 404
okay\Justin\IMG-20190226-WA0338.png 451 161 658 406
okay\Justin\IMG-20190226-WA0339.png 439 148 653 399
okay\Justin\IMG-20190226-WA0340.png 453 148 662 401
okay\Justin\IMG-20190226-WA0341.png 458 155 663 396
okay\Justin\IMG-20190226-WA0342.png 442 160 647 405
okay\Justin\IMG-20190226-WA0343.png 434 141 645 390
okay\Justin\IMG-20190226-WA0344.png 437 155 640 395
okay\Justin\IMG-20190226-WA0345.png 428 152 635 402
okay\Justin\IMG-20190226-WA0346.png 436 152 638 396
okay\Justin\IMG-20190226-WA0347.png 435 156 640 398
okay\Justin\IMG-20190226-WA0348.png 430 154 633 401
okay\Justin\IMG-20190226-WA0349.png 423 157 626 401
okay\Justin\IMG-20190226-WA0350.png 417 155 623 399
okay\Justin\IMG-20190226-WA0351.png 419 155 618 399
okay\Justin\IMG-20190226-WA0352.png 417 156 620 402
okay\Justin\IMG-20190226-WA0353.png 412 154 621 406
okay\Justin\IMG-20190226-WA0354.png 414 166 618 414
okay\Justin\IMG-20190226-WA0355.png 409 154 605 404
okay\Justin\IMG-20190226-WA0356.png 406 153 606 405
okay\Justin\IMG-20190226-WA0357.png 408 155 604 403
okay\Justin\IMG-20190226-WA0358.png 407 154 604 404
okay\Justin\IMG-20190226-WA0359.png 400 145 602 403
okay\Justin\IMG-20190226-WA0360.png 405 144 603 397
okay\Justin\IMG-20190226-WA0361.png 407 151 604 402
okay\Justin\IMG-20190226-WA0362.png 411 169 595 388
okay\Justin\IMG-20190226-WA0363.png 416 135 608 373
okay\Justin\IMG-20190226-WA0364.png 416 134 607 371
okay\Justin\IMG-20190226-WA0365.png 415 153 606 391
okay\Justin\IMG-20190226-WA0366.png 422 140 609 373
okay\Justin\IMG-20190226-WA0367.png 416 139 607 377
okay\Justin\IMG-20190226-WA0368.png 418 146 614 384
okay\Justin\IMG-20190226-WA0369.png 423 133 606 361
okay\Justin\IMG-20190226-WA0370.png 424 161 611 397
okay\Justin\IMG-20190226-WA0371.png 422 142 611 378
okay\Justin\IMG-20190226-WA0372.png 422 143 618 384
okay\Justin\IMG-20190226-WA0373.png 431 146 620 384
okay\Justin\IMG-20190226-WA0374.png 427 141 619 382
okay\Justin\IMG-20190226-WA0375.png 432 151 618 375
okay\Justin\IMG-20190226-WA0376.png 430 141 618 372
okay\Justin\IMG-20190226-WA0377.png 435 148 626 381
okay\Justin\IMG-20190226-WA0378.png 437 139 633 375
okay\Justin\IMG-20190226-WA0379.png 437 140 633 376
okay\Justin\IMG-20190226-WA0380.png 436 138 631 377
okay\Justin\IMG-20190226-WA0381.png 436 140 632 380
okay\Justin\IMG-20190226-WA0382.png 441 147 633 373
okay\Justin\IMG-20190226-WA0383.png 441 138 638 374
okay\Justin\IMG-20190226-WA0384.png 442 136 642 373
okay\Justin\IMG-20190226-WA0385.png 444 146 635 369
okay\Justin\IMG-20190226-WA0386.png 441 139 640 380
okay\Justin\IMG-20190226-WA0387.png 441 142 637 369
okay\Justin\IMG-20190226-WA0388.png 441 133 636 366
okay\Justin\IMG-20190226-WA0389.png 439 140 636 367
okay\Justin\IMG-20190226-WA0390.png 442 138 642 372
okay\Justin\IMG-20190226-WA0391.png 444 142 639 368
okay\Justin\IMG-20190226-WA0392.png 442 131 643 365
okay\Justin\IMG-20190226-WA0393.png 445 129 638 359
okay\Justin\IMG-20190226-WA0394.png 450 133 640 358
okay\Justin\IMG-20190226-WA0395.png 451 122 652 354
okay\Justin\IMG-20190226-WA0396.png 450 136 645 360
okay\Justin\IMG-20190226-WA0397.png 451 135 647 360
okay\Justin\IMG-20190226-WA0398.png 455 138 652 364
okay\Justin\IMG-20190226-WA0399.png 454 129 650 354
okay\Justin\IMG-20190226-WA0400.png 464 138 658 365
okay\Justin\IMG-20190226-WA0401.png 461 130 653 351
okay\Justin\IMG-20190226-WA0402.png 465 134 660 363
okay\Justin\IMG-20190226-WA0403.png 466 137 663 371
okay\Justin\IMG-20190226-WA0404.png 465 133 662 368
okay\Justin\IMG-20190226-WA0405.png 465 133 658 356
okay\Justin\IMG-20190226-WA0406.png 468 123 666 356
okay\Justin\IMG-20190226-WA0407.png 473 129 668 360
okay\Justin\IMG-20190226-WA0408.png 467 151 661 377
okay\Justin\IMG-20190226-WA0409.png 468 153 660 374
okay\Justin\IMG-20190226-WA0410.png 465 139 660 370
okay\Justin\IMG-20190226-WA0411.png 467 141 661 366
okay\Justin\IMG-20190226-WA0412.png 465 143 661 369
okay\Justin\IMG-20190226-WA0413.png 469 144 662 371
okay\Justin\IMG-20190226-WA0414.png 463 140 660 370
okay\Justin\IMG-20190226-WA0415.png 462 137 659 365
okay\Justin\IMG-20190226-WA0416.png 471 144 659 363
okay\Justin\IMG-20190226-WA0417.png 461 141 658 368
okay\Justin\IMG-20190226-WA0418.png 464 148 656 366
okay\Justin\IMG-20190226-WA0419.png 454 148 648 370
okay\Justin\IMG-20190226-WA0421.png 442 138 642 372
okay\Justin\IMG-20190226-WA0422.png 444 142 639 368
okay\Justin\IMG-20190226-WA0423.png 442 131 643 365
okay\Justin\IMG-20190226-WA0424.png 445 129 638 359
okay\Justin\IMG-20190226-WA0425.png 450 133 640 358
okay\Justin\IMG-20190226-WA0426.png 451 122 652 354
okay\Justin\IMG-20190226-WA0427.png 450 136 645 360
okay\Justin\IMG-20190226-WA0428.png 451 135 647 360
okay\Justin\IMG-20190226-WA0429.png 455 138 652 364
okay\Justin\IMG-20190226-WA0430.png 454 129 650 354
okay\Justin\IMG-20190226-WA0431.png 461 130 653 351
okay\Justin\IMG-20190226-WA0432.png 464 138 658 365
okay\Justin\IMG-20190226-WA0433.png 465 133 662 368
okay\Justin\IMG-20190226-WA0434.png 465 134 660 363
okay\Justin\IMG-20190226-WA0435.png 466 137 663 371
okay\Justin\IMG-20190226-WA0436.png 465 133 658 356
okay\Justin\IMG-20190226-WA0437.png 473 129 668 360
okay\Justin\IMG-20190226-WA0438.png 468 123 666 356
okay\Justin\IMG-20190226-WA0439.png 467 151 661 377
okay\Justin\IMG-20190226-WA0440.png 468 153 660 374
okay\Justin\IMG-20190226-WA0441.png 465 139 660 370
okay\Justin\IMG-20190226-WA0442.png 467 141 661 366
okay\Justin\IMG-20190226-WA0443.png 469 144 662 371
okay\Justin\IMG-20190226-WA0444.png 465 143 661 369
okay\Justin\IMG-20190226-WA0445.png 462 137 659 365
okay\Justin\IMG-20190226-WA0446.png 463 140 660 370
okay\Justin\IMG-20190226-WA0447.png 471 144 659 363
okay\Justin\IMG-20190226-WA0448.png 454 148 648 370
okay\Justin\IMG-20190226-WA0449.png 461 141 658 368
okay\Justin\IMG-20190226-WA0450.png 464 148 656 366
okay\Justin\IMG-20190226-WA0451.png 455 149 646 370
okay\Justin\IMG-20190226-WA0452.png 463 152 658 381
okay\Justin\IMG-20190226-WA0453.png 457 156 652 375
okay\Justin\IMG-20190226-WA0454.png 460 151 655 375
okay\Justin\IMG-20190226-WA0455.png 452 143 649 362
okay\Justin\IMG-20190226-WA0456.png 457 144 652 368
okay\Justin\IMG-20190226-WA0457.png 457 124 658 351
okay\Justin\IMG-20190226-WA0458.png 471 127 667 346
okay\Justin\IMG-20190226-WA0459.png 457 135 655 368
okay\Justin\IMG-20190226-WA0460.png 447 139 642 367
okay\Justin\IMG-20190226-WA0461.png 444 142 639 370
okay\Justin\IMG-20190226-WA0462.png 446 138 641 380
okay\Justin\IMG-20190226-WA0463.png 440 150 638 390
okay\Justin\IMG-20190226-WA0464.png 438 146 638 388
okay\Justin\IMG-20190226-WA0465.png 433 146 632 390
okay\Justin\IMG-20190226-WA0466.png 422 159 616 400
okay\Justin\IMG-20190226-WA0467.png 428 151 630 391
okay\Justin\IMG-20190226-WA0468.png 426 144 618 385
okay\Justin\IMG-20190226-WA0469.png 424 149 614 385
okay\Justin\IMG-20190226-WA0470.png 420 142 616 392
okay\Justin\IMG-20190226-WA0471.png 411 142 609 396
okay\Justin\IMG-20190226-WA0472.png 412 145 605 393
okay\Justin\IMG-20190226-WA0473.png 409 145 608 397
okay\Justin\IMG-20190226-WA0474.png 411 142 609 396
okay\Justin\IMG-20190226-WA0475.png 401 146 597 393
okay\Justin\IMG-20190226-WA0476.png 405 142 604 395
okay\Justin\IMG-20190226-WA0477.png 402 139 602 394
okay\Justin\IMG-20190226-WA0478.png 401 145 596 391
okay\Justin\IMG-20190226-WA0479.png 397 133 603 392
okay\Justin\IMG-20190226-WA0480.png 400 130 605 389
okay\Justin\IMG-20190226-WA0481.png 407 131 604 379
okay\Justin\IMG-20190226-WA0482.png 406 133 600 378
okay\Justin\IMG-20190226-WA0483.png 418 132 614 386
okay\Justin\IMG-20190226-WA0484.png 417 135 616 389
okay\Justin\IMG-20190226-WA0485.png 421 141 617 383
okay\Justin\IMG-20190226-WA0486.png 420 137 616 387
okay\Justin\IMG-20190226-WA0487.png 428 128 631 382
okay\Justin\IMG-20190226-WA0488.png 424 136 624 383
okay\Justin\IMG-20190226-WA0489.png 423 135 623 384
okay\Justin\IMG-20190226-WA0490.png 432 143 638 389
okay\Justin\IMG-20190226-WA0491.png 431 131 642 391
okay\Justin\IMG-20190226-WA0492.png 440 139 654 394
okay\Justin\IMG-20190226-WA0493.png 434 142 646 393
okay\Justin\IMG-20190226-WA0494.png 464 142 672 402
okay\Justin\IMG-20190226-WA0495.png 476 148 676 393
okay\Justin\IMG-20190226-WA0496.png 455 148 663 400
okay\Justin\IMG-20190226-WA0497.png 480 148 677 396
okay\Justin\IMG-20190226-WA0498.png 476 150 675 402
okay\Justin\IMG-20190226-WA0499.png 478 145 674 391
okay\Justin\IMG-20190226-WA0500.png 478 150 676 399
okay\Justin\IMG-20190226-WA0501.png 471 147 674 401
okay\Justin\IMG-20190226-WA0502.png 469 145 669 393
okay\Justin\IMG-20190226-WA0503.png 464 147 669 401
okay\Justin\IMG-20190226-WA0504.png 471 144 672 390
okay\Justin\IMG-20190226-WA0505.png 464 147 667 391
okay\Justin\IMG-20190226-WA0506.png 457 145 666 396
okay\Justin\IMG-20190226-WA0507.png 460 141 665 392
okay\Justin\IMG-20190226-WA0508.png 456 142 662 392
okay\Justin\IMG-20190226-WA0509.png 451 126 663 377
okay\Justin\IMG-20190226-WA0510.png 454 133 663 383
okay\Justin\IMG-20190226-WA0511.png 434 152 642 398
okay\Justin\IMG-20190226-WA0512.png 438 146 652 400
okay\Justin\IMG-20190226-WA0513.png 435 143 650 397
okay\Justin\IMG-20190226-WA0514.png 441 152 647 396
okay\Justin\IMG-20190226-WA0515.png 437 151 652 407
okay\Justin\IMG-20190226-WA0516.png 437 143 652 398
okay\Justin\IMG-20190226-WA0517.png 442 145 653 396
okay\Justin\IMG-20190226-WA0518.png 446 148 653 393
okay\Justin\IMG-20190226-WA0519.png 439 141 648 387
okay\Justin\IMG-20190226-WA0520.png 438 135 646 381
okay\Justin\IMG-20190226-WA0521.png 438 133 649 381
okay\Justin\IMG-20190226-WA0522.png 445 131 650 369
okay\Justin\IMG-20190226-WA0523.png 441 125 642 358
okay\Justin\IMG-20190226-WA0524.png 440 127 640 359
okay\Justin\IMG-20190226-WA0525.png 444 126 645 352
okay\Justin\IMG-20190226-WA0526.png 439 127 633 357
okay\Justin\IMG-20190226-WA0527.png 443 125 645 361
okay\Justin\IMG-20190226-WA0528.png 439 146 644 379
okay\Justin\IMG-20190226-WA0529.png 444 122 643 349
okay\Justin\IMG-20190226-WA0530.png 440 143 644 378
okay\Justin\IMG-20190226-WA0531.png 446 144 658 397
okay\Justin\IMG-20190226-WA0532.png 443 142 657 397
okay\Justin\IMG-20190226-WA0533.png 447 156 661 412
okay\Justin\IMG-20190226-WA0534.png 451 150 664 407
okay\Justin\IMG-20190226-WA0535.png 444 157 650 409
okay\Justin\IMG-20190226-WA0536.png 448 157 653 407
okay\Justin\IMG-20190226-WA0537.png 443 154 650 407
okay\Justin\IMG-20190226-WA0538.png 432 144 648 398
okay\Justin\IMG-20190226-WA0539.png 433 141 648 398
okay\Justin\IMG-20190226-WA0540.png 430 136 648 392
okay\Justin\IMG-20190226-WA0541.png 444 157 650 409
okay\Justin\IMG-20190226-WA0542.png 439 142 657 400
okay\Justin\IMG-20190226-WA0543.png 447 156 661 412
okay\Justin\IMG-20190226-WA0544.png 454 133 663 383
okay\Justin\IMG-20190226-WA0545.png 451 126 663 377
okay\Justin\IMG-20190226-WA0546.png 456 142 662 392
okay\Justin\IMG-20190226-WA0547.png 464 147 667 391
okay\Justin\IMG-20190226-WA0548.png 471 144 672 390
okay\Justin\IMG-20190226-WA0549.png 467 141 670 386
okay\Justin\IMG-20190226-WA0550.png 464 147 669 401
okay\Justin\IMG-20190226-WA0551.png 471 147 674 401
okay\Justin\IMG-20190226-WA0552.png 469 145 669 393
okay\Justin\IMG-20190226-WA0553.png 460 141 665 392
okay\Justin\IMG-20190226-WA0554.png 434 132 652 388
okay\Justin\IMG-20190226-WA0555.png 480 148 677 396
okay\Justin\IMG-20190226-WA0556.png 464 142 672 402
okay\Justin\IMG-20190226-WA0557.png 460 146 665 397
okay\Justin\IMG-20190226-WA0558.png 476 148 676 393
okay\Justin\IMG-20190226-WA0559.png 434 142 646 393
okay\Justin\IMG-20190226-WA0560.png 431 146 637 392
okay\Justin\IMG-20190226-WA0561.png 432 143 638 389
okay\Justin\IMG-20190226-WA0562.png 431 131 642 391
okay\Justin\IMG-20190226-WA0563.png 424 136 624 383
okay\Justin\IMG-20190226-WA0564.png 428 128 631 382
okay\Justin\IMG-20190226-WA0565.png 421 141 617 383
okay\Justin\IMG-20190226-WA0566.png 417 135 616 389
okay\Justin\IMG-20190226-WA0567.png 421 139 617 386
okay\Nijo\IMG-20190226-WA0569.png 402 150 569 368
okay\Nijo\IMG-20190226-WA0570.png 400 150 566 369
okay\Nijo\IMG-20190226-WA0571.png 417 151 591 370
okay\Nijo\IMG-20190226-WA0572.png 425 145 601 364
okay\Nijo\IMG-20190226-WA0573.png 428 144 606 367
okay\Nijo\IMG-20190226-WA0574.png 419 149 594 369
okay\Nijo\IMG-20190226-WA0575.png 454 145 634 374
okay\Nijo\IMG-20190226-WA0576.png 453 148 630 370
okay\Nijo\IMG-20190226-WA0577.png 451 151 632 376
okay\Nijo\IMG-20190226-WA0578.png 435 146 617 372
okay\Nijo\IMG-20190226-WA0579.png 412 145 599 377
okay\Nijo\IMG-20190226-WA0580.png 475 143 648 352
okay\Nijo\IMG-20190226-WA0581.png 412 123 570 318
okay\Nijo\IMG-20190226-WA0582.png 417 126 577 331
okay\Nijo\IMG-20190226-WA0583.png 409 122 571 319
okay\Nijo\IMG-20190226-WA0584.png 444 124 611 320
okay\Nijo\IMG-20190226-WA0585.png 444 137 609 331
okay\Nijo\IMG-20190226-WA0586.png 449 133 615 334
okay\Nijo\IMG-20190226-WA0587.png 465 165 618 355
okay\Nijo\IMG-20190226-WA0588.png 462 166 621 366
okay\Nijo\IMG-20190226-WA0589.png 454 163 614 362
okay\Nijo\IMG-20190226-WA0590.png 449 166 608 366
okay\Nijo\IMG-20190226-WA0591.png 480 163 641 359
okay\Nijo\IMG-20190226-WA0592.png 469 161 637 366
okay\Nijo\IMG-20190226-WA0593.png 460 173 627 374
okay\Nijo\IMG-20190226-WA0594.png 457 165 625 368
okay\Nijo\IMG-20190226-WA0595.png 465 185 628 378
okay\Nijo\IMG-20190226-WA0596.png 464 179 631 380
okay\Nijo\IMG-20190226-WA0597.png 460 177 622 375
okay\Nijo\IMG-20190226-WA0598.png 465 178 629 377
okay\Nijo\IMG-20190226-WA0600.png 1012 417 1216 668
okay\Nijo\IMG-20190226-WA0601.png 402 120 557 318
okay\Nijo\IMG-20190226-WA0602.png 408 124 568 316
okay\Nijo\IMG-20190226-WA0603.png 412 123 570 318
okay\Nijo\IMG-20190226-WA0604.png 413 126 572 318
okay\Nijo\IMG-20190226-WA0605.png 409 122 571 319
okay\Nijo\IMG-20190226-WA0606.png 420 122 585 329
okay\Nijo\IMG-20190226-WA0607.png 437 122 604 322
okay\Nijo\IMG-20190226-WA0608.png 426 122 592 320
okay\Nijo\IMG-20190226-WA0609.png 444 124 611 320
okay\Nijo\IMG-20190226-WA0610.png 440 136 603 333
okay\Nijo\IMG-20190226-WA0611.png 443 137 607 332
okay\Nijo\IMG-20190226-WA0612.png 444 137 609 331
okay\Nijo\IMG-20190226-WA0613.png 446 137 614 337
okay\Nijo\IMG-20190226-WA0614.png 449 133 615 334
okay\Nijo\IMG-20190226-WA0615.png 458 150 620 345
okay\Nijo\IMG-20190226-WA0616.png 479 151 632 350
okay\Nijo\IMG-20190226-WA0617.png 475 147 627 352
okay\Nijo\IMG-20190226-WA0618.png 481 152 632 351
okay\Nijo\IMG-20190226-WA0619.png 451 143 610 338
okay\Nijo\IMG-20190226-WA0620.png 444 164 609 366
okay\Nijo\IMG-20190226-WA0621.png 454 163 614 362
okay\Nijo\IMG-20190226-WA0622.png 463 174 631 376
okay\Nijo\IMG-20190226-WA0623.png 480 163 641 359
okay\Nijo\IMG-20190226-WA0624.png 457 165 625 368
okay\Nijo\IMG-20190226-WA0625.png 460 167 624 365
okay\Nijo\IMG-20190226-WA0626.png 460 177 622 375
okay\Nijo\IMG-20190226-WA0627.png 460 173 624 372
okay\Nijo\IMG-20190226-WA0628.png 465 178 629 377
okay\Nijo\IMG-20190226-WA0629.png 464 179 631 380
okay\Nijo\IMG-20190226-WA0630.png 465 185 628 378
okay\Nijo\IMG-20190226-WA0631.png 480 163 641 359
okay\Nijo\IMG-20190226-WA0632.png 463 174 631 376
okay\Nijo\IMG-20190226-WA0633.png 460 173 627 374
okay\Nijo\IMG-20190226-WA0634.png 460 177 622 375
okay\Nijo\IMG-20190226-WA0635.png 460 173 624 372
okay\Nijo\IMG-20190226-WA0636.png 465 178 629 377
okay\Nijo\IMG-20190226-WA0637.png 465 185 628 378
okay\Nijo\IMG-20190226-WA0638.png 464 179 631 380
okay\Nijo\IMG-20190226-WA0639.png 450 188 618 389
okay\Nijo\IMG-20190226-WA0640.png 398 205 563 407
okay\Nijo\IMG-20190226-WA0641.png 402 210 577 421
okay\Nijo\IMG-20190226-WA0642.png 405 208 572 409
okay\Nijo\IMG-20190226-WA0643.png 406 211 577 415
okay\Nijo\IMG-20190226-WA0644.png 410 208 577 408
okay\Nijo\IMG-20190226-WA0645.png 409 212 574 411
okay\Nijo\IMG-20190226-WA0646.png 419 205 590 417
okay\Nijo\IMG-20190226-WA0647.png 437 207 606 414
okay\Nijo\IMG-20190226-WA0648.png 427 209 596 412
okay\Nijo\IMG-20190226-WA0649.png 440 202 611 412
okay\Nijo\IMG-20190226-WA0650.png 409 203 588 413
okay\Nijo\IMG-20190226-WA0651.png 416 204 592 410
okay\Nijo\IMG-20190226-WA0652.png 469 191 636 390
okay\Nijo\IMG-20190226-WA0653.png 465 198 635 402
okay\Nijo\IMG-20190226-WA0654.png 466 198 635 402
okay\Nijo\IMG-20190226-WA0655.png 460 201 632 412
okay\Nijo\IMG-20190226-WA0656.png 468 201 636 404
okay\Nijo\IMG-20190226-WA0657.png 460 212 628 420
okay\Nijo\IMG-20190226-WA0658.png 451 200 618 403
okay\Nijo\IMG-20190226-WA0659.png 459 211 625 417
okay\Nijo\IMG-20190226-WA0660.png 453 202 623 411
okay\Nijo\IMG-20190226-WA0661.png 427 209 596 412
okay\Nijo\IMG-20190226-WA0662.png 437 207 606 414
okay\Nijo\IMG-20190226-WA0663.png 440 202 611 412
okay\Nijo\IMG-20190226-WA0664.png 469 191 636 390
okay\Nijo\IMG-20190226-WA0665.png 465 198 635 402
okay\Nijo\IMG-20190226-WA0666.png 466 198 635 402
okay\Nijo\IMG-20190226-WA0667.png 460 201 632 412
okay\Nijo\IMG-20190226-WA0668.png 468 201 636 404
okay\Nijo\IMG-20190226-WA0669.png 460 212 628 420
okay\Nijo\IMG-20190226-WA0670.png 451 200 618 403
okay\Nijo\IMG-20190226-WA0671.png 459 211 625 417
okay\Nijo\IMG-20190226-WA0672.png 453 202 623 411
okay\Nijo\IMG-20190226-WA0673.png 448 194 620 407
okay\Nijo\IMG-20190226-WA0674.png 457 178 624 383
okay\Nijo\IMG-20190226-WA0675.png 449 225 612 420
okay\Nijo\IMG-20190226-WA0676.png 457 236 623 438
okay\Nijo\IMG-20190226-WA0677.png 448 225 617 427
okay\Nijo\IMG-20190226-WA0678.png 443 222 616 434
okay\Nijo\IMG-20190226-WA0679.png 421 173 594 380
okay\Nijo\IMG-20190226-WA0680.png 415 101 589 309
okay\Nijo\IMG-20190226-WA0681.png 428 122 605 333
okay\Nijo\IMG-20190226-WA0682.png 418 94 594 304
okay\Nijo\IMG-20190226-WA0683.png 411 106 583 317
okay\Nijo\IMG-20190226-WA0684.png 426 96 599 305
okay\Nijo\IMG-20190226-WA0685.png 440 183 609 396
okay\Nijo\IMG-20190226-WA0686.png 421 177 572 394
okay\Nijo\IMG-20190226-WA0687.png 422 167 587 391
okay\Nijo\IMG-20190226-WA0688.png 416 177 578 390
okay\Nijo\IMG-20190226-WA0689.png 416 176 581 395
okay\Nijo\IMG-20190226-WA0690.png 421 172 588 399
okay\Nijo\IMG-20190226-WA0691.png 469 191 636 390
okay\Nijo\IMG-20190226-WA0692.png 465 198 635 402
okay\Nijo\IMG-20190226-WA0693.png 466 198 635 402
okay\Nijo\IMG-20190226-WA0694.png 468 201 636 404
okay\Nijo\IMG-20190226-WA0695.png 460 201 632 412
okay\Nijo\IMG-20190226-WA0696.png 460 212 628 420
okay\Nijo\IMG-20190226-WA0697.png 459 211 625 417
okay\Nijo\IMG-20190226-WA0698.png 453 202 623 411
okay\Nijo\IMG-20190226-WA0699.png 451 200 618 403
okay\Nijo\IMG-20190226-WA0700.png 449 225 612 420
okay\Nijo\IMG-20190226-WA0701.png 457 236 623 438
okay\Nijo\IMG-20190226-WA0702.png 457 178 624 383
okay\Nijo\IMG-20190226-WA0703.png 443 222 616 434
okay\Nijo\IMG-20190226-WA0704.png 448 225 617 427
okay\Nijo\IMG-20190226-WA0705.png 448 194 620 407
okay\Nijo\IMG-20190226-WA0706.png 446 232 618 442
okay\Nijo\IMG-20190226-WA0707.png 421 173 594 380
okay\Nijo\IMG-20190226-WA0708.png 440 183 609 396
okay\Nijo\IMG-20190226-WA0709.png 421 177 572 394
okay\Nijo\IMG-20190226-WA0710.png 422 167 587 391
okay\Nijo\IMG-20190226-WA0711.png 436 184 595 395
okay\Nijo\IMG-20190226-WA0712.png 437 190 597 393
okay\Nijo\IMG-20190226-WA0713.png 439 188 598 394
okay\Nijo\IMG-20190226-WA0714.png 440 178 607 395
okay\Nijo\IMG-20190226-WA0715.png 438 178 610 395
okay\Nijo\IMG-20190226-WA0716.png 444 180 613 392
okay\Nijo\IMG-20190226-WA0717.png 446 182 614 391
okay\Nijo\IMG-20190226-WA0718.png 444 175 614 384
okay\Nijo\IMG-20190226-WA0719.png 443 170 616 383
okay\Nijo\IMG-20190226-WA0720.png 446 178 615 386
okay\Nijo\IMG-20190226-WA0721.png 438 181 607 386
okay\Nijo\IMG-20190226-WA0722.png 435 184 603 390
okay\Nijo\IMG-20190226-WA0723.png 431 183 601 388
okay\Nijo\IMG-20190226-WA0724.png 435 189 603 393
okay\Nijo\IMG-20190226-WA0725.png 433 184 605 392
okay\Nijo\IMG-20190226-WA0726.png 432 178 606 401
okay\Nijo\IMG-20190226-WA0727.png 438 182 608 390
okay\Nijo\IMG-20190226-WA0728.png 445 176 618 392
okay\Nijo\IMG-20190226-WA0729.png 438 182 610 391
okay\Nijo\IMG-20190226-WA0730.png 433 181 609 400
okay\Nijo\IMG-20190226-WA0731.png 433 173 607 404
okay\Nijo\IMG-20190226-WA0732.png 443 180 617 394
okay\Nijo\IMG-20190226-WA0733.png 442 170 614 396
okay\Nijo\IMG-20190226-WA0734.png 441 184 616 396
okay\Nijo\IMG-20190226-WA0735.png 444 181 615 391
okay\Nijo\IMG-20190226-WA0736.png 441 176 616 400
okay\Nijo\IMG-20190226-WA0737.png 444 184 617 403
okay\Nijo\IMG-20190226-WA0738.png 445 173 626 409
okay\Nijo\IMG-20190226-WA0739.png 445 177 616 392
okay\Nijo\IMG-20190226-WA0740.png 448 178 617 383
okay\Nijo\IMG-20190226-WA0741.png 449 174 619 384
okay\Nijo\IMG-20190226-WA0742.png 452 178 620 392
okay\Nijo\IMG-20190226-WA0743.png 450 174 618 379
okay\Nijo\IMG-20190226-WA0744.png 451 177 616 385
okay\Nijo\IMG-20190226-WA0745.png 450 176 618 383
okay\Nijo\IMG-20190226-WA0746.png 452 178 616 396
okay\Nijo\IMG-20190226-WA0747.png 461 162 623 378
okay\Nijo\IMG-20190226-WA0748.png 459 176 620 388
okay\Nijo\IMG-20190226-WA0749.png 462 166 625 379
okay\Nijo\IMG-20190226-WA0750.png 460 162 623 380
okay\Nijo\IMG-20190226-WA0751.png 415 101 589 309
okay\Nijo\IMG-20190226-WA0752.png 421 173 594 380
okay\Nijo\IMG-20190226-WA0753.png 448 225 617 427
okay\Nijo\IMG-20190226-WA0754.png 448 194 620 407
okay\Nijo\IMG-20190226-WA0755.png 459 211 625 417
okay\Nijo\IMG-20190226-WA0756.png 453 202 623 411
okay\Nijo\IMG-20190226-WA0757.png 460 201 632 412
okay\Nijo\IMG-20190226-WA0758.png 465 198 635 402
okay\Nijo\IMG-20190226-WA0759.png 427 209 596 412
okay\Nijo\IMG-20190226-WA0760.png 416 204 592 410
okay\Nijo\IMG-20190226-WA0761.png 408 204 583 413
okay\Nijo\IMG-20190226-WA0762.png 398 205 563 407
okay\Nijo\IMG-20190226-WA0763.png 469 180 635 381
okay\Nijo\IMG-20190226-WA0764.png 465 185 628 378
okay\Nijo\IMG-20190226-WA0765.png 465 178 629 377
okay\Nijo\IMG-20190226-WA0766.png 460 177 622 375
